50
0 1 2500
0 2 2499
0 3 2498
0 4 2497
0 5 2496
0 6 2495
0 7 2494
0 8 2493
0 9 2492
0 10 2491
0 11 2490
0 12 2489
0 13 2488
0 14 2487
0 15 2486
0 16 2485
0 17 2484
0 18 2483
0 19 2482
0 20 2481
0 21 2480
0 22 2479
0 23 2478
0 24 2477
0 25 2476
0 26 2475
0 27 2474
0 28 2473
0 29 2472
0 30 2471
0 31 2470
0 32 2469
0 33 2468
0 34 2467
0 35 2466
0 36 2465
0 37 2464
0 38 2463
0 39 2462
0 40 2461
0 41 2460
0 42 2459
0 43 2458
0 44 2457
0 45 2456
0 46 2455
0 47 2454
0 48 2453
0 49 2452
1 2 2451
1 3 2450
1 4 2449
1 5 2448
1 6 2447
1 7 2446
1 8 2445
1 9 2444
1 10 2443
1 11 2442
1 12 2441
1 13 2440
1 14 2439
1 15 2438
1 16 2437
1 17 2436
1 18 2435
1 19 2434
1 20 2433
1 21 2432
1 22 2431
1 23 2430
1 24 2429
1 25 2428
1 26 2427
1 27 2426
1 28 2425
1 29 2424
1 30 2423
1 31 2422
1 32 2421
1 33 2420
1 34 2419
1 35 2418
1 36 2417
1 37 2416
1 38 2415
1 39 2414
1 40 2413
1 41 2412
1 42 2411
1 43 2410
1 44 2409
1 45 2408
1 46 2407
1 47 2406
1 48 2405
1 49 2404
2 3 2403
2 4 2402
2 5 2401
2 6 2400
2 7 2399
2 8 2398
2 9 2397
2 10 2396
2 11 2395
2 12 2394
2 13 2393
2 14 2392
2 15 2391
2 16 2390
2 17 2389
2 18 2388
2 19 2387
2 20 2386
2 21 2385
2 22 2384
2 23 2383
2 24 2382
2 25 2381
2 26 2380
2 27 2379
2 28 2378
2 29 2377
2 30 2376
2 31 2375
2 32 2374
2 33 2373
2 34 2372
2 35 2371
2 36 2370
2 37 2369
2 38 2368
2 39 2367
2 40 2366
2 41 2365
2 42 2364
2 43 2363
2 44 2362
2 45 2361
2 46 2360
2 47 2359
2 48 2358
2 49 2357
3 4 2356
3 5 2355
3 6 2354
3 7 2353
3 8 2352
3 9 2351
3 10 2350
3 11 2349
3 12 2348
3 13 2347
3 14 2346
3 15 2345
3 16 2344
3 17 2343
3 18 2342
3 19 2341
3 20 2340
3 21 2339
3 22 2338
3 23 2337
3 24 2336
3 25 2335
3 26 2334
3 27 2333
3 28 2332
3 29 2331
3 30 2330
3 31 2329
3 32 2328
3 33 2327
3 34 2326
3 35 2325
3 36 2324
3 37 2323
3 38 2322
3 39 2321
3 40 2320
3 41 2319
3 42 2318
3 43 2317
3 44 2316
3 45 2315
3 46 2314
3 47 2313
3 48 2312
3 49 2311
4 5 2310
4 6 2309
4 7 2308
4 8 2307
4 9 2306
4 10 2305
4 11 2304
4 12 2303
4 13 2302
4 14 2301
4 15 2300
4 16 2299
4 17 2298
4 18 2297
4 19 2296
4 20 2295
4 21 2294
4 22 2293
4 23 2292
4 24 2291
4 25 2290
4 26 2289
4 27 2288
4 28 2287
4 29 2286
4 30 2285
4 31 2284
4 32 2283
4 33 2282
4 34 2281
4 35 2280
4 36 2279
4 37 2278
4 38 2277
4 39 2276
4 40 2275
4 41 2274
4 42 2273
4 43 2272
4 44 2271
4 45 2270
4 46 2269
4 47 2268
4 48 2267
4 49 2266
5 6 2265
5 7 2264
5 8 2263
5 9 2262
5 10 2261
5 11 2260
5 12 2259
5 13 2258
5 14 2257
5 15 2256
5 16 2255
5 17 2254
5 18 2253
5 19 2252
5 20 2251
5 21 2250
5 22 2249
5 23 2248
5 24 2247
5 25 2246
5 26 2245
5 27 2244
5 28 2243
5 29 2242
5 30 2241
5 31 2240
5 32 2239
5 33 2238
5 34 2237
5 35 2236
5 36 2235
5 37 2234
5 38 2233
5 39 2232
5 40 2231
5 41 2230
5 42 2229
5 43 2228
5 44 2227
5 45 2226
5 46 2225
5 47 2224
5 48 2223
5 49 2222
6 7 2221
6 8 2220
6 9 2219
6 10 2218
6 11 2217
6 12 2216
6 13 2215
6 14 2214
6 15 2213
6 16 2212
6 17 2211
6 18 2210
6 19 2209
6 20 2208
6 21 2207
6 22 2206
6 23 2205
6 24 2204
6 25 2203
6 26 2202
6 27 2201
6 28 2200
6 29 2199
6 30 2198
6 31 2197
6 32 2196
6 33 2195
6 34 2194
6 35 2193
6 36 2192
6 37 2191
6 38 2190
6 39 2189
6 40 2188
6 41 2187
6 42 2186
6 43 2185
6 44 2184
6 45 2183
6 46 2182
6 47 2181
6 48 2180
6 49 2179
7 8 2178
7 9 2177
7 10 2176
7 11 2175
7 12 2174
7 13 2173
7 14 2172
7 15 2171
7 16 2170
7 17 2169
7 18 2168
7 19 2167
7 20 2166
7 21 2165
7 22 2164
7 23 2163
7 24 2162
7 25 2161
7 26 2160
7 27 2159
7 28 2158
7 29 2157
7 30 2156
7 31 2155
7 32 2154
7 33 2153
7 34 2152
7 35 2151
7 36 2150
7 37 2149
7 38 2148
7 39 2147
7 40 2146
7 41 2145
7 42 2144
7 43 2143
7 44 2142
7 45 2141
7 46 2140
7 47 2139
7 48 2138
7 49 2137
8 9 2136
8 10 2135
8 11 2134
8 12 2133
8 13 2132
8 14 2131
8 15 2130
8 16 2129
8 17 2128
8 18 2127
8 19 2126
8 20 2125
8 21 2124
8 22 2123
8 23 2122
8 24 2121
8 25 2120
8 26 2119
8 27 2118
8 28 2117
8 29 2116
8 30 2115
8 31 2114
8 32 2113
8 33 2112
8 34 2111
8 35 2110
8 36 2109
8 37 2108
8 38 2107
8 39 2106
8 40 2105
8 41 2104
8 42 2103
8 43 2102
8 44 2101
8 45 2100
8 46 2099
8 47 2098
8 48 2097
8 49 2096
9 10 2095
9 11 2094
9 12 2093
9 13 2092
9 14 2091
9 15 2090
9 16 2089
9 17 2088
9 18 2087
9 19 2086
9 20 2085
9 21 2084
9 22 2083
9 23 2082
9 24 2081
9 25 2080
9 26 2079
9 27 2078
9 28 2077
9 29 2076
9 30 2075
9 31 2074
9 32 2073
9 33 2072
9 34 2071
9 35 2070
9 36 2069
9 37 2068
9 38 2067
9 39 2066
9 40 2065
9 41 2064
9 42 2063
9 43 2062
9 44 2061
9 45 2060
9 46 2059
9 47 2058
9 48 2057
9 49 2056
10 11 2055
10 12 2054
10 13 2053
10 14 2052
10 15 2051
10 16 2050
10 17 2049
10 18 2048
10 19 2047
10 20 2046
10 21 2045
10 22 2044
10 23 2043
10 24 2042
10 25 2041
10 26 2040
10 27 2039
10 28 2038
10 29 2037
10 30 2036
10 31 2035
10 32 2034
10 33 2033
10 34 2032
10 35 2031
10 36 2030
10 37 2029
10 38 2028
10 39 2027
10 40 2026
10 41 2025
10 42 2024
10 43 2023
10 44 2022
10 45 2021
10 46 2020
10 47 2019
10 48 2018
10 49 2017
11 12 2016
11 13 2015
11 14 2014
11 15 2013
11 16 2012
11 17 2011
11 18 2010
11 19 2009
11 20 2008
11 21 2007
11 22 2006
11 23 2005
11 24 2004
11 25 2003
11 26 2002
11 27 2001
11 28 2000
11 29 1999
11 30 1998
11 31 1997
11 32 1996
11 33 1995
11 34 1994
11 35 1993
11 36 1992
11 37 1991
11 38 1990
11 39 1989
11 40 1988
11 41 1987
11 42 1986
11 43 1985
11 44 1984
11 45 1983
11 46 1982
11 47 1981
11 48 1980
11 49 1979
12 13 1978
12 14 1977
12 15 1976
12 16 1975
12 17 1974
12 18 1973
12 19 1972
12 20 1971
12 21 1970
12 22 1969
12 23 1968
12 24 1967
12 25 1966
12 26 1965
12 27 1964
12 28 1963
12 29 1962
12 30 1961
12 31 1960
12 32 1959
12 33 1958
12 34 1957
12 35 1956
12 36 1955
12 37 1954
12 38 1953
12 39 1952
12 40 1951
12 41 1950
12 42 1949
12 43 1948
12 44 1947
12 45 1946
12 46 1945
12 47 1944
12 48 1943
12 49 1942
13 14 1941
13 15 1940
13 16 1939
13 17 1938
13 18 1937
13 19 1936
13 20 1935
13 21 1934
13 22 1933
13 23 1932
13 24 1931
13 25 1930
13 26 1929
13 27 1928
13 28 1927
13 29 1926
13 30 1925
13 31 1924
13 32 1923
13 33 1922
13 34 1921
13 35 1920
13 36 1919
13 37 1918
13 38 1917
13 39 1916
13 40 1915
13 41 1914
13 42 1913
13 43 1912
13 44 1911
13 45 1910
13 46 1909
13 47 1908
13 48 1907
13 49 1906
14 15 1905
14 16 1904
14 17 1903
14 18 1902
14 19 1901
14 20 1900
14 21 1899
14 22 1898
14 23 1897
14 24 1896
14 25 1895
14 26 1894
14 27 1893
14 28 1892
14 29 1891
14 30 1890
14 31 1889
14 32 1888
14 33 1887
14 34 1886
14 35 1885
14 36 1884
14 37 1883
14 38 1882
14 39 1881
14 40 1880
14 41 1879
14 42 1878
14 43 1877
14 44 1876
14 45 1875
14 46 1874
14 47 1873
14 48 1872
14 49 1871
15 16 1870
15 17 1869
15 18 1868
15 19 1867
15 20 1866
15 21 1865
15 22 1864
15 23 1863
15 24 1862
15 25 1861
15 26 1860
15 27 1859
15 28 1858
15 29 1857
15 30 1856
15 31 1855
15 32 1854
15 33 1853
15 34 1852
15 35 1851
15 36 1850
15 37 1849
15 38 1848
15 39 1847
15 40 1846
15 41 1845
15 42 1844
15 43 1843
15 44 1842
15 45 1841
15 46 1840
15 47 1839
15 48 1838
15 49 1837
16 17 1836
16 18 1835
16 19 1834
16 20 1833
16 21 1832
16 22 1831
16 23 1830
16 24 1829
16 25 1828
16 26 1827
16 27 1826
16 28 1825
16 29 1824
16 30 1823
16 31 1822
16 32 1821
16 33 1820
16 34 1819
16 35 1818
16 36 1817
16 37 1816
16 38 1815
16 39 1814
16 40 1813
16 41 1812
16 42 1811
16 43 1810
16 44 1809
16 45 1808
16 46 1807
16 47 1806
16 48 1805
16 49 1804
17 18 1803
17 19 1802
17 20 1801
17 21 1800
17 22 1799
17 23 1798
17 24 1797
17 25 1796
17 26 1795
17 27 1794
17 28 1793
17 29 1792
17 30 1791
17 31 1790
17 32 1789
17 33 1788
17 34 1787
17 35 1786
17 36 1785
17 37 1784
17 38 1783
17 39 1782
17 40 1781
17 41 1780
17 42 1779
17 43 1778
17 44 1777
17 45 1776
17 46 1775
17 47 1774
17 48 1773
17 49 1772
18 19 1771
18 20 1770
18 21 1769
18 22 1768
18 23 1767
18 24 1766
18 25 1765
18 26 1764
18 27 1763
18 28 1762
18 29 1761
18 30 1760
18 31 1759
18 32 1758
18 33 1757
18 34 1756
18 35 1755
18 36 1754
18 37 1753
18 38 1752
18 39 1751
18 40 1750
18 41 1749
18 42 1748
18 43 1747
18 44 1746
18 45 1745
18 46 1744
18 47 1743
18 48 1742
18 49 1741
19 20 1740
19 21 1739
19 22 1738
19 23 1737
19 24 1736
19 25 1735
19 26 1734
19 27 1733
19 28 1732
19 29 1731
19 30 1730
19 31 1729
19 32 1728
19 33 1727
19 34 1726
19 35 1725
19 36 1724
19 37 1723
19 38 1722
19 39 1721
19 40 1720
19 41 1719
19 42 1718
19 43 1717
19 44 1716
19 45 1715
19 46 1714
19 47 1713
19 48 1712
19 49 1711
20 21 1710
20 22 1709
20 23 1708
20 24 1707
20 25 1706
20 26 1705
20 27 1704
20 28 1703
20 29 1702
20 30 1701
20 31 1700
20 32 1699
20 33 1698
20 34 1697
20 35 1696
20 36 1695
20 37 1694
20 38 1693
20 39 1692
20 40 1691
20 41 1690
20 42 1689
20 43 1688
20 44 1687
20 45 1686
20 46 1685
20 47 1684
20 48 1683
20 49 1682
21 22 1681
21 23 1680
21 24 1679
21 25 1678
21 26 1677
21 27 1676
21 28 1675
21 29 1674
21 30 1673
21 31 1672
21 32 1671
21 33 1670
21 34 1669
21 35 1668
21 36 1667
21 37 1666
21 38 1665
21 39 1664
21 40 1663
21 41 1662
21 42 1661
21 43 1660
21 44 1659
21 45 1658
21 46 1657
21 47 1656
21 48 1655
21 49 1654
22 23 1653
22 24 1652
22 25 1651
22 26 1650
22 27 1649
22 28 1648
22 29 1647
22 30 1646
22 31 1645
22 32 1644
22 33 1643
22 34 1642
22 35 1641
22 36 1640
22 37 1639
22 38 1638
22 39 1637
22 40 1636
22 41 1635
22 42 1634
22 43 1633
22 44 1632
22 45 1631
22 46 1630
22 47 1629
22 48 1628
22 49 1627
23 24 1626
23 25 1625
23 26 1624
23 27 1623
23 28 1622
23 29 1621
23 30 1620
23 31 1619
23 32 1618
23 33 1617
23 34 1616
23 35 1615
23 36 1614
23 37 1613
23 38 1612
23 39 1611
23 40 1610
23 41 1609
23 42 1608
23 43 1607
23 44 1606
23 45 1605
23 46 1604
23 47 1603
23 48 1602
23 49 1601
24 25 1600
24 26 1599
24 27 1598
24 28 1597
24 29 1596
24 30 1595
24 31 1594
24 32 1593
24 33 1592
24 34 1591
24 35 1590
24 36 1589
24 37 1588
24 38 1587
24 39 1586
24 40 1585
24 41 1584
24 42 1583
24 43 1582
24 44 1581
24 45 1580
24 46 1579
24 47 1578
24 48 1577
24 49 1576
25 26 1575
25 27 1574
25 28 1573
25 29 1572
25 30 1571
25 31 1570
25 32 1569
25 33 1568
25 34 1567
25 35 1566
25 36 1565
25 37 1564
25 38 1563
25 39 1562
25 40 1561
25 41 1560
25 42 1559
25 43 1558
25 44 1557
25 45 1556
25 46 1555
25 47 1554
25 48 1553
25 49 1552
26 27 1551
26 28 1550
26 29 1549
26 30 1548
26 31 1547
26 32 1546
26 33 1545
26 34 1544
26 35 1543
26 36 1542
26 37 1541
26 38 1540
26 39 1539
26 40 1538
26 41 1537
26 42 1536
26 43 1535
26 44 1534
26 45 1533
26 46 1532
26 47 1531
26 48 1530
26 49 1529
27 28 1528
27 29 1527
27 30 1526
27 31 1525
27 32 1524
27 33 1523
27 34 1522
27 35 1521
27 36 1520
27 37 1519
27 38 1518
27 39 1517
27 40 1516
27 41 1515
27 42 1514
27 43 1513
27 44 1512
27 45 1511
27 46 1510
27 47 1509
27 48 1508
27 49 1507
28 29 1506
28 30 1505
28 31 1504
28 32 1503
28 33 1502
28 34 1501
28 35 1500
28 36 1499
28 37 1498
28 38 1497
28 39 1496
28 40 1495
28 41 1494
28 42 1493
28 43 1492
28 44 1491
28 45 1490
28 46 1489
28 47 1488
28 48 1487
28 49 1486
29 30 1485
29 31 1484
29 32 1483
29 33 1482
29 34 1481
29 35 1480
29 36 1479
29 37 1478
29 38 1477
29 39 1476
29 40 1475
29 41 1474
29 42 1473
29 43 1472
29 44 1471
29 45 1470
29 46 1469
29 47 1468
29 48 1467
29 49 1466
30 31 1465
30 32 1464
30 33 1463
30 34 1462
30 35 1461
30 36 1460
30 37 1459
30 38 1458
30 39 1457
30 40 1456
30 41 1455
30 42 1454
30 43 1453
30 44 1452
30 45 1451
30 46 1450
30 47 1449
30 48 1448
30 49 1447
31 32 1446
31 33 1445
31 34 1444
31 35 1443
31 36 1442
31 37 1441
31 38 1440
31 39 1439
31 40 1438
31 41 1437
31 42 1436
31 43 1435
31 44 1434
31 45 1433
31 46 1432
31 47 1431
31 48 1430
31 49 1429
32 33 1428
32 34 1427
32 35 1426
32 36 1425
32 37 1424
32 38 1423
32 39 1422
32 40 1421
32 41 1420
32 42 1419
32 43 1418
32 44 1417
32 45 1416
32 46 1415
32 47 1414
32 48 1413
32 49 1412
33 34 1411
33 35 1410
33 36 1409
33 37 1408
33 38 1407
33 39 1406
33 40 1405
33 41 1404
33 42 1403
33 43 1402
33 44 1401
33 45 1400
33 46 1399
33 47 1398
33 48 1397
33 49 1396
34 35 1395
34 36 1394
34 37 1393
34 38 1392
34 39 1391
34 40 1390
34 41 1389
34 42 1388
34 43 1387
34 44 1386
34 45 1385
34 46 1384
34 47 1383
34 48 1382
34 49 1381
35 36 1380
35 37 1379
35 38 1378
35 39 1377
35 40 1376
35 41 1375
35 42 1374
35 43 1373
35 44 1372
35 45 1371
35 46 1370
35 47 1369
35 48 1368
35 49 1367
36 37 1366
36 38 1365
36 39 1364
36 40 1363
36 41 1362
36 42 1361
36 43 1360
36 44 1359
36 45 1358
36 46 1357
36 47 1356
36 48 1355
36 49 1354
37 38 1353
37 39 1352
37 40 1351
37 41 1350
37 42 1349
37 43 1348
37 44 1347
37 45 1346
37 46 1345
37 47 1344
37 48 1343
37 49 1342
38 39 1341
38 40 1340
38 41 1339
38 42 1338
38 43 1337
38 44 1336
38 45 1335
38 46 1334
38 47 1333
38 48 1332
38 49 1331
39 40 1330
39 41 1329
39 42 1328
39 43 1327
39 44 1326
39 45 1325
39 46 1324
39 47 1323
39 48 1322
39 49 1321
40 41 1320
40 42 1319
40 43 1318
40 44 1317
40 45 1316
40 46 1315
40 47 1314
40 48 1313
40 49 1312
41 42 1311
41 43 1310
41 44 1309
41 45 1308
41 46 1307
41 47 1306
41 48 1305
41 49 1304
42 43 1303
42 44 1302
42 45 1301
42 46 1300
42 47 1299
42 48 1298
42 49 1297
43 44 1296
43 45 1295
43 46 1294
43 47 1293
43 48 1292
43 49 1291
44 45 1290
44 46 1289
44 47 1288
44 48 1287
44 49 1286
45 46 1285
45 47 1284
45 48 1283
45 49 1282
46 47 1281
46 48 1280
46 49 1279
47 48 1278
47 49 1277
48 49 1276
